Dataset selected: TEST.ds
Network: 16_Sep_2021(15_01_35.470007)_sequential-malexnet.keras
Network trained: trained
Batch size: 64
Epoch(s): 400
Random seed: 49
Shuffle: Yes
Reshape image: No
Image shape requested: (150x150x3)

HISTORY TRAINING DATA:
Epochs: 25
Best Valid. loss value: 0.13607895374298096 at epoch: 21

Accuracy:
[0.5, 0.5, 0.5, 0.5, 0.5, 0.5, 0.5, 0.5, 0.5, 0.5, 0.5, 0.5, 0.6000000238418579, 0.75, 0.800000011920929, 0.800000011920929, 0.8500000238418579, 0.8999999761581421, 0.8999999761581421, 0.949999988079071, 0.949999988079071, 0.949999988079071, 0.949999988079071, 0.949999988079071, 0.949999988079071]

Loss
[5.867609977722168, 5.093544960021973, 4.394932746887207, 3.9148223400115967, 3.44207763671875, 3.1313114166259766, 2.849602222442627, 2.5801126956939697, 2.2779381275177, 1.9535672664642334, 1.6078853607177734, 1.2721202373504639, 1.0054967403411865, 0.7981981635093689, 0.6642484664916992, 0.556219220161438, 0.4663602411746979, 0.4064629077911377, 0.3562759757041931, 0.3148179054260254, 0.2795698940753937, 0.25222450494766235, 0.22903046011924744, 0.2099379301071167, 0.19374628365039825]

Valid. accuracy
[0.5, 0.5, 0.5, 0.5, 0.5, 0.5, 0.5, 0.5, 0.5, 0.5, 0.5, 0.699999988079071, 1.0, 1.0, 1.0, 1.0, 1.0, 1.0, 1.0, 1.0, 1.0, 1.0, 1.0, 1.0, 1.0]

Valid. loss
[4.948873519897461, 4.249241352081299, 3.8349719047546387, 3.4418158531188965, 3.2184321880340576, 2.9339425563812256, 2.6906840801239014, 2.3994829654693604, 2.089735269546509, 1.7517061233520508, 1.3733317852020264, 0.9868682026863098, 0.7216082811355591, 0.5083922147750854, 0.3724910616874695, 0.2982456088066101, 0.23879948258399963, 0.19201934337615967, 0.15992355346679688, 0.14163897931575775, 0.13607895374298096, 0.1364595890045166, 0.1397952139377594, 0.14452220499515533, 0.15016669034957886]


TRAINING TIME: 0.0d:0.0h:0.0m:3.5136473178863525s